[2, 1]
[2, 3]
[7, 1]
[8, 7]
[17, 0]
[17, 3]
[21, 0]
[21, 4]
[22, 2]
[23, 0]
[23, 3]
[25, 5]
[25, 6]
[25, 7]
[26, 0]
[26, 3]
[34, 0]
[37, 1]
[39, 1]
[39, 2]
[39, 3]
[52, 3]
[59, 0]
[60, 7]
[61, 0]
[61, 4]
[62, 7]
[77, 1]
[77, 4]
[78, 3]
[87, 5]
[88, 0]
[88, 2]
[92, 0]
[92, 3]
[97, 1]
[98, 0]
[98, 3]
[101, 2]
[106, 2]
[107, 1]
[107, 7]
[108, 0]
[119, 1]
[120, 1]
[120, 2]
[126, 5]
[127, 1]
[127, 7]
[128, 0]
[131, 0]
[132, 0]
[142, 4]
[151, 0]
[151, 1]
[152, 0]
[155, 1]
[158, 1]
[164, 0]
[170, 2]
[178, 0]
[182, 0]
[185, 5]
[186, 0]
[186, 3]
[191, 0]
[191, 1]
[206, 2]
[206, 3]
[209, 4]
[212, 2]
[215, 0]
[216, 4]
[221, 3]
[227, 1]
[229, 1]
[230, 0]
[230, 1]
[231, 3]
[231, 5]
[231, 9]
[235, 2]
[237, 3]
[238, 2]
[238, 3]
[244, 5]
[244, 11]
[253, 3]
[253, 6]
[254, 4]
[256, 3]
[258, 1]
[258, 2]
[259, 1]
[259, 2]
[260, 0]
[263, 0]
[267, 0]
[268, 1]
[275, 2]
[275, 5]
[275, 10]
[279, 4]
[280, 2]
[280, 4]
[281, 3]
[281, 4]
[282, 1]
[282, 2]
[283, 3]
[288, 0]
[293, 4]
[294, 0]
[298, 3]
[312, 0]
[319, 2]
[319, 3]
[323, 1]
[323, 4]
[323, 6]
[330, 2]
[342, 1]
[343, 5]
[347, 0]
[347, 4]
[347, 5]
[349, 6]
[353, 4]
[354, 0]
[354, 7]
[357, 4]
[363, 7]
[363, 10]
[365, 0]
[366, 8]
[374, 0]
[377, 8]
[379, 0]
[389, 3]
[392, 2]
[401, 8]
[402, 2]
[403, 0]
[405, 2]
[405, 4]
[408, 2]
[408, 4]
[411, 1]
[413, 1]
[416, 4]
[420, 3]
[423, 2]
[427, 2]
[430, 2]
[434, 0]
[446, 1]
[446, 3]
[447, 2]
[448, 0]
[455, 2]
[463, 1]
[463, 2]
[463, 4]
[463, 5]
[464, 1]
[493, 1]
[496, 1]
