[2, 3]
[2, 4]
[8, 0]
[20, 2]
[28, 0]
[35, 0]
[43, 2]
[44, 0]
[44, 3]
[46, 0]
[48, 0]
[49, 5]
[49, 6]
[50, 1]
[53, 2]
[53, 3]
[67, 0]
[71, 1]
[84, 0]
[104, 1]
[113, 0]
[117, 0]
[117, 1]
[118, 1]
[121, 0]
[121, 1]
[123, 0]
[124, 1]
[125, 1]
[125, 2]
[126, 0]
[127, 1]
[128, 1]
[128, 3]
[134, 0]
[139, 1]
[141, 2]
[141, 5]
[143, 0]
[144, 1]
[145, 0]
[146, 3]
[158, 2]
[160, 0]
[167, 0]
[167, 1]
[185, 1]
[189, 0]
[195, 0]
[199, 0]
[205, 0]
[207, 0]
[208, 2]
[210, 1]
[213, 0]
[222, 0]
[227, 1]
[242, 0]
[247, 0]
[274, 0]
[275, 0]
[279, 0]
[279, 2]
[280, 1]
[281, 2]
[284, 0]
[290, 1]
[307, 1]
[313, 3]
[315, 1]
[346, 0]
[353, 0]
[423, 0]
[437, 1]
[462, 2]
[502, 0]
[510, 0]
[510, 1]
[516, 0]
[517, 1]
[517, 2]
[523, 0]
[524, 0]
[530, 0]
[540, 3]
[545, 0]
[551, 2]
[558, 0]
[562, 0]
[564, 0]
[567, 2]
[569, 0]
[573, 0]
[579, 1]
[580, 0]
[584, 0]
[584, 1]
[587, 1]
[587, 2]
[588, 0]
[588, 2]
[596, 1]
[605, 1]
[605, 3]
[609, 2]
[610, 0]
[610, 1]
[611, 0]
[616, 0]
[619, 0]
[620, 0]
[620, 1]
[625, 5]
[625, 6]
[627, 0]
[628, 1]
[631, 0]
[636, 0]
[636, 1]
[636, 3]
[637, 0]
[637, 1]
[637, 3]
[638, 0]
[640, 3]
[644, 0]
[644, 1]
[644, 2]
[647, 1]
[649, 0]
[651, 1]
[652, 0]
[655, 0]
[655, 1]
[656, 0]
[663, 2]
[665, 1]
[669, 0]
[669, 1]
[672, 0]
[675, 1]
[677, 2]
[680, 0]
[686, 2]
[687, 0]
[688, 0]
[688, 1]
[688, 2]
[688, 3]
[690, 0]
[693, 0]
[693, 2]
[699, 0]
[702, 0]
[707, 0]
[712, 1]
[712, 2]
[716, 0]
[722, 2]
[722, 3]
[725, 2]
[727, 2]
[728, 0]
[734, 0]
[734, 1]
[735, 3]
[736, 0]
[737, 1]
[738, 1]
[742, 0]
[742, 1]
[744, 0]
[746, 0]
[746, 2]
[746, 6]
[746, 7]
[754, 0]
[757, 0]
[760, 0]
[763, 1]
[765, 2]
[765, 3]
[770, 0]
[772, 0]
[777, 2]
[779, 0]
[779, 1]
[781, 3]
[782, 1]
[784, 0]
[785, 0]
[789, 0]
[793, 0]
[795, 0]
[795, 1]
[795, 3]
[799, 0]
[801, 1]
[802, 0]
[802, 2]
[804, 0]
[805, 0]
[809, 0]
[810, 0]
[810, 1]
[810, 3]
[811, 1]
[812, 1]
[812, 2]
[815, 0]
[820, 0]
[821, 0]
[822, 3]
[825, 0]
[828, 0]
[833, 0]
[835, 0]
[836, 0]
[836, 1]
[836, 3]
[844, 0]
[844, 1]
[844, 2]
[844, 3]
[849, 0]
[851, 1]
[852, 0]
[853, 0]
[855, 0]
[859, 1]
[861, 0]
[863, 1]
[870, 2]
[871, 0]
[871, 3]
[871, 4]
[871, 6]
[877, 0]
[877, 4]
[879, 1]
[879, 3]
[882, 0]
[886, 3]
[890, 0]
[895, 0]
[896, 1]
[897, 0]
[898, 0]
[899, 0]
[899, 1]
[899, 3]
[901, 0]
[901, 2]
[906, 1]
[911, 3]
[913, 0]
[914, 2]
[917, 1]
[918, 0]
[920, 0]
[920, 2]
[922, 1]
[922, 2]
[926, 0]
[928, 0]
[928, 1]
[930, 0]
[933, 0]
[934, 0]
[935, 0]
[937, 0]
[937, 1]
[939, 0]
[939, 1]
[940, 0]
[940, 3]
[942, 1]
[945, 3]
[947, 0]
[950, 1]
[961, 7]
[963, 3]
[967, 0]
[967, 1]
[968, 3]
[969, 1]
[973, 0]
[974, 2]
[976, 1]
[977, 1]
[980, 0]
[980, 2]
[982, 1]
[982, 2]
[983, 3]
[991, 0]
[992, 2]
[993, 1]
[994, 3]
[1005, 0]
[1005, 1]
[1010, 0]
[1010, 1]
[1010, 3]
[1021, 2]
[1022, 0]
[1025, 0]
[1025, 3]
[1034, 2]
[1037, 2]
[1043, 0]
[1046, 0]
[1048, 1]
[1049, 1]
[1049, 2]
[1053, 1]
[1054, 4]
[1055, 3]
[1062, 0]
[1064, 1]
[1066, 3]
[1067, 0]
[1071, 3]
[1072, 2]
[1072, 4]
[1072, 5]
[1086, 0]
[1088, 0]
[1089, 3]
[1101, 0]
[1102, 0]
[1102, 1]
[1106, 3]
[1108, 1]
[1112, 1]
[1114, 3]
[1114, 4]
[1119, 0]
[1123, 0]
[1123, 1]
[1124, 0]
[1125, 0]
[1130, 5]
[1131, 3]
[1133, 0]
[1136, 0]
[1136, 4]
[1139, 0]
[1140, 0]
[1147, 0]
[1149, 0]
[1149, 1]
[1152, 4]
[1154, 1]
[1155, 4]
[1157, 0]
[1157, 1]
[1161, 0]
[1161, 2]
[1168, 2]
[1169, 0]
[1170, 2]
[1170, 3]
[1171, 2]
[1173, 0]
[1173, 1]
[1179, 2]
[1187, 0]
[1189, 0]
[1190, 0]
[1191, 1]
[1193, 0]
[1194, 2]
[1197, 1]
[1200, 0]
