[1, 3]
[1, 4]
[4, 0]
[4, 2]
[6, 0]
[7, 2]
[7, 5]
[8, 0]
[8, 1]
[8, 2]
[8, 3]
[9, 4]
[9, 5]
[9, 6]
[11, 1]
[11, 3]
[14, 3]
[14, 4]
[16, 2]
[16, 8]
[19, 0]
[19, 2]
[20, 1]
[20, 2]
[20, 4]
[22, 7]
[24, 6]
[24, 8]
[26, 2]
[28, 0]
[29, 0]
[30, 1]
[30, 5]
[31, 2]
[31, 3]
[32, 1]
[32, 3]
[33, 2]
[34, 0]
[34, 1]
[34, 2]
[34, 7]
[35, 5]
[37, 0]
[37, 3]
[41, 3]
[44, 0]
[45, 0]
[50, 3]
[52, 3]
[52, 6]
[53, 5]
[54, 9]
[55, 1]
[55, 3]
[55, 4]
[55, 5]
[57, 0]
[62, 0]
[62, 5]
[65, 2]
[65, 5]
[65, 7]
[67, 3]
[67, 8]
[67, 9]
[68, 0]
[68, 5]
[70, 5]
[71, 0]
[72, 0]
[73, 1]
[74, 0]
[74, 3]
[77, 0]
[77, 2]
[78, 0]
[78, 1]
[79, 2]
[85, 1]
[85, 4]
[87, 1]
[87, 3]
[90, 3]
[91, 8]
[93, 3]
[93, 5]
[93, 6]
[93, 7]
[95, 5]
[95, 6]
[95, 7]
[98, 2]
[98, 4]
[98, 5]
[99, 2]
[100, 0]
[100, 1]
[101, 0]
[102, 0]
[102, 1]
[103, 0]
[103, 1]
[103, 5]
[105, 9]
[106, 2]
[106, 3]
[108, 0]
[109, 1]
[111, 3]
[113, 1]
[114, 0]
[117, 1]
[119, 2]
[123, 1]
[128, 0]
[132, 2]
[133, 3]
[133, 4]
[134, 3]
[135, 4]
[137, 0]
[138, 0]
[139, 7]
[140, 4]
[140, 6]
[142, 2]
[143, 1]
[143, 2]
[144, 0]
[146, 4]
[147, 3]
[147, 4]
[149, 3]
[150, 3]
[150, 5]
[150, 7]
[152, 3]
[152, 5]
[154, 0]
[154, 2]
[156, 0]
[158, 4]
[159, 0]
[159, 4]
[159, 5]
[159, 6]
[160, 0]
[160, 6]
[161, 1]
[165, 2]
[165, 4]
[166, 0]
[168, 0]
[169, 2]
[170, 0]
[172, 0]
[172, 2]
[173, 3]
[174, 0]
[174, 2]
[175, 1]
[176, 3]
[176, 4]
[176, 5]
[183, 2]
[189, 2]
[190, 2]
[191, 1]
[192, 1]
[192, 4]
[192, 6]
[194, 5]
[196, 3]
[196, 6]
[196, 7]
[196, 10]
[198, 0]
[198, 4]
[199, 5]
[200, 5]
[201, 3]
[203, 0]
[203, 1]
[203, 4]
[205, 1]
[206, 1]
[206, 2]
[206, 3]
[207, 1]
[207, 6]
[209, 5]
[209, 6]
[210, 5]
[211, 0]
[211, 1]
[211, 3]
[211, 6]
[211, 7]
[214, 1]
[214, 4]
[222, 0]
[222, 1]
[225, 6]
[226, 0]
[226, 3]
[228, 1]
[229, 2]
[229, 3]
[230, 0]
[232, 0]
[232, 1]
[232, 2]
[232, 3]
[233, 0]
[234, 1]
[235, 0]
[235, 5]
[235, 6]
[236, 1]
[236, 8]
[239, 0]
[239, 2]
[239, 6]
[240, 0]
[242, 7]
[243, 3]
[243, 4]
[244, 1]
[244, 3]
[245, 2]
[245, 6]
[247, 3]
[252, 0]
[252, 2]
[252, 4]
[253, 2]
[253, 3]
[254, 6]
[255, 8]
[256, 0]
[256, 1]
[258, 1]
[259, 0]
[260, 0]
[263, 3]
[263, 5]
[264, 3]
[266, 2]
[267, 1]
[268, 3]
[268, 6]
[268, 7]
[272, 0]
[275, 1]
[279, 4]
[280, 0]
[283, 0]
[283, 1]
[283, 2]
[283, 3]
[284, 0]
[285, 0]
[287, 3]
[288, 0]
[288, 1]
[293, 0]
[304, 0]
[304, 2]
[305, 0]
[308, 2]
[308, 5]
[316, 3]
[321, 2]
[321, 4]
[322, 4]
[325, 0]
[332, 1]
[340, 0]
[340, 1]
[344, 3]
[345, 0]
[347, 1]
[348, 1]
[351, 1]
[351, 4]
[351, 6]
[351, 7]
[351, 8]
[352, 1]
[352, 5]
[358, 0]
[359, 0]
[360, 1]
[364, 0]
[367, 0]
[367, 2]
[367, 3]
[372, 0]
[372, 1]
[374, 0]
[374, 5]
[375, 5]
[375, 6]
[376, 1]
[381, 2]
[384, 0]
[391, 4]
[392, 2]
[394, 1]
[394, 2]
[398, 1]
[401, 3]
[402, 10]
[402, 13]
[406, 2]
[406, 3]
[406, 7]
[407, 1]
[407, 3]
[407, 5]
[410, 0]
[410, 1]
[411, 0]
[412, 1]
[412, 3]
[414, 1]
[414, 4]
[416, 0]
[418, 0]
[418, 1]
[418, 2]
[421, 1]
[421, 3]
[421, 4]
[422, 0]
[422, 3]
[423, 3]
[424, 2]
[427, 5]
[428, 5]
[429, 5]
[437, 0]
[437, 2]
[440, 2]
[445, 0]
[446, 1]
[447, 6]
[449, 4]
[451, 1]
[451, 3]
[451, 6]
[451, 7]
[454, 0]
[454, 1]
[454, 2]
[456, 1]
[456, 2]
[457, 0]
[457, 1]
[457, 3]
[457, 5]
[457, 7]
[458, 2]
[458, 3]
[461, 0]
[462, 0]
[462, 1]
[462, 2]
[465, 2]
[467, 0]
[468, 4]
[468, 5]
[469, 0]
[470, 0]
[480, 0]
[480, 4]
[481, 3]
[481, 4]
[481, 5]
[482, 3]
[484, 0]
[485, 2]
[486, 1]
[487, 0]
[487, 1]
[488, 4]
[489, 2]
[490, 1]
[490, 2]
[491, 0]
[491, 3]
[497, 2]
[499, 1]
[499, 2]
[499, 3]
[500, 2]
[502, 0]
[505, 2]
[506, 1]
[506, 3]
[506, 7]
[506, 10]
[509, 0]
[509, 2]
[512, 0]
[515, 2]
[516, 0]
[517, 1]
[519, 0]
[520, 2]
[524, 2]
[525, 0]
[526, 0]
[528, 0]
[528, 4]
[529, 5]
[530, 0]
[535, 0]
[535, 1]
[535, 2]
[535, 3]
[536, 0]
[537, 2]
[539, 0]
[540, 0]
[547, 1]
[547, 2]
[549, 1]
[551, 0]
[554, 0]
[555, 0]
[555, 1]
[555, 5]
[557, 1]
[562, 0]
[563, 2]
[564, 1]
[567, 0]
[568, 0]
[571, 1]
[571, 2]
[572, 0]
[573, 0]
[573, 1]
[573, 2]
[574, 2]
[574, 6]
[576, 1]
[576, 2]
[581, 2]
[583, 0]
[586, 0]
[593, 0]
[593, 5]
[596, 1]
[596, 5]
[598, 1]
[604, 0]
[605, 1]
[606, 1]
[609, 0]
[618, 0]
[622, 0]
[624, 0]
[625, 0]
[626, 0]
[633, 0]
[634, 0]
[634, 2]
[635, 0]
[635, 1]
[636, 0]
[644, 0]
[644, 1]
[645, 0]
[649, 0]
[649, 1]
[649, 2]
[650, 0]
[651, 0]
[652, 0]
[652, 1]
[657, 1]
[661, 0]
[668, 3]
[672, 0]
[673, 3]
[674, 0]
[674, 2]
[677, 0]
[680, 1]
[680, 2]
[681, 3]
[683, 1]
[686, 1]
[687, 5]
[691, 0]
[691, 2]
[693, 0]
[693, 2]
[693, 3]
[694, 0]
[696, 0]
[698, 0]
[698, 2]
[698, 3]
[699, 1]
[700, 1]
[700, 3]
[702, 2]
[702, 3]
[703, 1]
[704, 0]
[705, 0]
[705, 2]
[706, 0]
[708, 0]
[709, 0]
[709, 1]
[712, 3]
[713, 0]
[714, 0]
[715, 0]
[715, 2]
[716, 1]
[718, 2]
[720, 0]
[722, 3]
[724, 2]
[724, 4]
[728, 0]
[728, 1]
[729, 0]
[730, 0]
[734, 1]
[734, 2]
[737, 2]
[738, 1]
[741, 0]
[743, 0]
[745, 1]
[749, 0]
[751, 1]
[753, 0]
[753, 1]
[754, 1]
[757, 1]
[758, 0]
[758, 3]
[763, 0]
[763, 5]
[766, 2]
[767, 0]
[767, 1]
[770, 1]
[773, 0]
[776, 1]
[779, 1]
[780, 1]
[784, 0]
[788, 1]
[789, 0]
[790, 0]
[794, 1]
[794, 3]
[796, 1]
[798, 0]
[801, 3]
[801, 6]
[803, 0]
[804, 1]
[804, 2]
[806, 1]
[806, 2]
[807, 0]
[808, 2]
[812, 0]
[812, 1]
[813, 0]
[813, 1]
[814, 0]
[815, 1]
[817, 0]
[819, 1]
[820, 1]
[825, 0]
[826, 1]
[828, 0]
[829, 1]
[830, 0]
[832, 0]
[833, 0]
[833, 1]
[834, 0]
[834, 1]
[835, 0]
[837, 0]
[837, 1]
[838, 0]
[841, 0]
[841, 1]
[842, 2]
[847, 0]
[848, 2]
[849, 1]
[851, 0]
[851, 3]
[859, 4]
[861, 2]
[862, 0]
[863, 0]
[865, 0]
[865, 4]
[868, 2]
[873, 0]
[877, 1]
[879, 0]
[880, 0]
[881, 1]
[883, 0]
[891, 1]
[893, 0]
[895, 0]
[895, 1]
[896, 1]
[897, 4]
[899, 0]
[899, 1]
[901, 0]
[902, 0]
[904, 2]
[904, 8]
[905, 0]
[910, 0]
[911, 1]
[914, 0]
[915, 1]
[918, 0]
[918, 2]
[920, 2]
[922, 0]
[927, 4]
[928, 0]
[929, 1]
[931, 1]
[932, 0]
[932, 1]
[935, 2]
[936, 0]
[937, 1]
[938, 1]
[938, 2]
[938, 3]
[940, 0]
[950, 0]
[953, 1]
[955, 2]
[956, 0]
[956, 3]
[956, 5]
[964, 1]
[965, 0]
[965, 1]
[966, 1]
[966, 3]
[968, 1]
[970, 1]
[971, 0]
[979, 1]
[981, 0]
[982, 1]
[988, 0]
[994, 0]
[994, 2]
[997, 0]
[999, 2]
[999, 3]
